2 5
3 10
4 ,
3 11
4 ,
3 12
4 ;
3 10
7 :=
1 5
4 ;
3 11
7 :=
1 10
4 ;
3 12
7 :=
3 10
5 +
3 11
5 *
3 10
5 -
3 10
5 /
3 11
5 *
3 10
5 -
3 11
5 +
1 5
4 ;
2 6
3 10
4 ;
2 2
3 12
4 ;
2 8
3 10
6 <
3 11
2 1
2 8
3 12
6 >=
3 10
2 1
3 12
7 :=
1 2
5 *
3 10
5 -
3 12
5 +
3 11
4 ;
2 9
3 11
7 :=
3 11
5 -
3 13
5 *
3 10
5 -
1 10
4 ;
2 3
2 9
2 7
3 14
6 =
3 11
2 4
2 7
3 11
6 >
3 12
2 4
2 2
3 12
4 ;
2 3
2 3
2 3
2 6
3 11
4 ;
2 2
3 12
4 ;
2 3
